[Tracking]
Smooth=1
invertYaw=true
invertPitch=true
invertRoll=true
invertX=false
invertY=false
invertZ=false
useEWMA=true

[GameProtocol]
Selection=2
DLL=FTNoIR_Protocol_FTIR.dll

[TrackerSource]
Selection=1
DLL=FTNoIR_Tracker_SM.dll

[Filter]
DLL=FTNoIR_Filter_Accela.dll

[SMTracker]
FilterLevel=0

[Curves-Accela-Scaling-Rotation]
point-count=11
point-0-x=0
point-0-y=0
point-1-x=0.148148148148148
point-1-y=0.036144578313253
point-2-x=0.4
point-2-y=0.132530120481928
point-3-x=0.681481481481481
point-3-y=0.44578313253012
point-4-x=0.859259259259259
point-4-y=0.710843373493976
point-5-x=1.00740740740741
point-5-y=0.987951807228916
point-6-x=1.18518518518519
point-6-y=1.32530120481928
point-7-x=1.34074074074074
point-7-y=1.71084337349398
point-8-x=1.46666666666667
point-8-y=2.10843373493976
point-9-x=1.60740740740741
point-9-y=2.55421686746988
point-10-x=1.78518518518519
point-10-y=3.19277108433735

[Curves-Accela-Scaling-Translation]
point-count=9
point-0-x=0
point-0-y=0
point-1-x=0.244444444444444
point-1-y=0.240963855421687
point-2-x=0.533333333333333
point-2-y=0.578313253012048
point-3-x=0.77037037037037
point-3-y=1.01204819277108
point-4-x=0.985185185185185
point-4-y=1.55421686746988
point-5-x=1.16296296296296
point-5-y=2.13253012048193
point-6-x=1.34074074074074
point-6-y=2.780722891566265
point-7-x=1.47407407407407
point-7-y=3.69879518072289
point-8-x=1.51851851851852
point-8-y=4.72289156626506

[Curves-Yaw]
point-count=1
point-0-x=25
point-0-y=180

[Curves-PitchUp]
point-count=1
point-0-x=20.6
point-0-y=160

[Curves-PitchDown]
point-count=1
point-0-x=25
point-0-y=50

[Curves-Roll]
point-count=1
point-0-x=45
point-0-y=90

[Curves-X]
point-count=1
point-0-x=12.5
point-0-y=180

[Curves-Y]
point-count=1
point-0-x=20.0
point-0-y=180

[Curves-Z]
point-count=1
point-0-x=15
point-0-y=55
