[Tracking]
Smooth=1
invertYaw=true
invertPitch=true
invertRoll=true
invertX=false
invertY=false
invertZ=false
useEWMA=true

[GameProtocol]
Selection=2
DLL=FTNoIR_Protocol_FTIR.dll

[TrackerSource]
Selection=1
DLL=FTNoIR_Tracker_SM.dll

[Filter]
DLL=FTNoIR_Filter_Accela.dll

[SMTracker]
FilterLevel=0

[Curves-Accela-Scaling-Rotation]
point-count=13
point-0-x=0
point-0-y=0
point-1-x=0.288888888888889
point-1-y=0.144578313253012
point-2-x=0.540740740740741
point-2-y=0.313253012048193
point-3-x=0.748148148148148
point-3-y=0.566265060240964
point-4-x=0.918518518518519
point-4-y=0.891566265060241
point-5-x=1.08888888888889
point-5-y=1.26506024096386
point-6-x=1.22222222222222
point-6-y=1.60240963855422
point-7-x=1.36296296296296
point-7-y=1.98795180722892
point-8-x=1.45925925925926
point-8-y=2.32530120481928
point-9-x=1.53333333333333
point-9-y=2.66265060240964
point-10-x=1.65925925925926
point-10-y=3.40963855421687
point-11-x=1.78518518518519
point-11-y=4.2289156626506
point-12-x=1.8962962962963
point-12-y=5

[Curves-Accela-Scaling-Translation]
point-count=9
point-0-x=0
point-0-y=0
point-1-x=0.244444444444444
point-1-y=0.240963855421687
point-2-x=0.533333333333333
point-2-y=0.578313253012048
point-3-x=0.77037037037037
point-3-y=1.01204819277108
point-4-x=0.985185185185185
point-4-y=1.55421686746988
point-5-x=1.16296296296296
point-5-y=2.13253012048193
point-6-x=1.34074074074074
point-6-y=2.78072289156627
point-7-x=1.47407407407407
point-7-y=3.69879518072289
point-8-x=1.51851851851852
point-8-y=4.72289156626506

[Curves-Yaw]
point-count=1
point-0-x=21.4
point-0-y=180

[Curves-PitchUp]
point-count=1
point-0-x=20.6
point-0-y=160

[Curves-PitchDown]
point-count=1
point-0-x=25
point-0-y=50

[Curves-Roll]
point-count=1
point-0-x=45
point-0-y=90

[Curves-X]
point-count=1
point-0-x=12.5
point-0-y=180

[Curves-Y]
point-count=1
point-0-x=20.0
point-0-y=180

[Curves-Z]
point-count=1
point-0-x=15
point-0-y=40

[KB_Shortcuts]
Keycode_Center=207
Shift_Center=false
Ctrl_Center=false
Alt_Center=true
Keycode_GameZero=0
Shift_GameZero=false
Ctrl_GameZero=false
Alt_GameZero=false
Keycode_StartStop=0
Shift_StartStop=false
Ctrl_StartStop=false
Alt_StartStop=false
SetZero=true
SetEngineStop=true
Keycode_Inhibit=0
Shift_Inhibit=false
Ctrl_Inhibit=false
Alt_Inhibit=false
Inhibit_Pitch=false
Inhibit_Yaw=false
Inhibit_Roll=false
Inhibit_X=false
Inhibit_Y=false
Inhibit_Z=false
Enable_ReverseAxis=false
RA_Yaw=40
RA_ZPos=-20
RA_ToZPos=50
